Boundaries
0 0 150 900
150 0 1450 150
150 750 1300 150
1450 150 150 750

Rectangles
150 500 50 50
200 200 200 1
200 250 100 100
200 400 50 200
200 650 50 100
300 400 50 150
300 600 150 100
300 700 50 50
350 200 50 50
350 300 100 50
350 400 100 50
400 500 50 50
450 150 250 50
450 250 100 100
500 350 150 50
500 450 150 100
500 600 50 100
600 250 150 50
600 600 50 100
650 600 50 50
700 350 1 150
700 550 50 50
700 700 150 50
701 350 49 1
701 499 199 1
750 150 300 50
800 250 200 50
800 500 100 50
899 351 1 149
850 350 50 1
900 600 50 100
950 350 50 100
950 500 50 150
1000 700 150 50
1050 150 50 200 
1050 400 150 50
1050 500 50 100
1050 650 50 50
1100 300 50 100
1100 500 50 50
1150 150 100 100
1150 600 50 150
1200 300 100 50
1200 500 150 50
1200 650 150 50
1250 400 100 50
1250 550 150 50
1300 200 150 50
1350 300 50 200
1400 150 50 50
1400 300 50 50
1400 650 50 50

Keys
150 450
250 700
350 450
750 500
900 300
1100 450
1300 350

Doors
150 200 50 1
200 600 1 50
249 600 1 50
399 150 1 50
450 600 50 1
549 700 1 50
750 350 100 1
850 700 50 1
1000 200 1 50
1000 299 50 1
1000 650 50 1
1150 249 50 1
1249 250 1 50
1350 650 50 1
1400 499 50 1 


Rectangles
250 0  1100 250
250 550  1100 350
Lines
200 300 450 300




