Rectangles
50 800 50 50
100 50 50 100
100 200 450 50
100 300 50 300
100 650 50 150
200 100 250 50
200 350 250 150
200 550 250 100
200 750 250 50
500 100 50 400
500 550 100 250
650 100 250 200
650 550 50 50
700 700 200 150
750 550 50 50
800 550 100 100
950 200 100 100
1000 100 100 50
1000 350 50 150
1000 550 150 250
1100 100 50 400
1200 100 300 150
1200 300 100 50
1200 400 100 400
1350 300 100 200
1350 550 100 100
1350 700 100 100
1500 700 50 150
Lines
200 300 450 300
201 300 201 350
200 700 300 700
350 700 450 700
450 700 450 750
650 400 725 400
650 400 650 500
650 500 900 500
900 500 900 400
900 400 775 400
951 100 951 200
651 601 700 601
651 601 651 650
651 650 700 650
700 650 700 601
751 601 801 601
751 601 751 650
751 650 801 650
801 650 801 601
1500 300 1500 650